-3.141592653589793
-3.1101767270538954
-3.078760800517997
-3.0473448739820994
-3.015928947446201
-2.9845130209103035
-2.9530970943744057
-2.9216811678385075
-2.8902652413026098
-2.8588493147667116
-2.827433388230814
-2.796017461694916
-2.764601535159018
-2.73318560862312
-2.701769682087222
-2.670353755551324
-2.6389378290154264
-2.607521902479528
-2.5761059759436304
-2.5446900494077322
-2.5132741228718345
-2.4818581963359367
-2.4504422698000385
-2.419026343264141
-2.3876104167282426
-2.356194490192345
-2.324778563656447
-2.293362637120549
-2.261946710584651
-2.230530784048753
-2.199114857512855
-2.1676989309769574
-2.1362830044410592
-2.1048670779051615
-2.0734511513692633
-2.0420352248333655
-2.0106192982974678
-1.9792033717615696
-1.9477874452256718
-1.9163715186897738
-1.8849555921538759
-1.853539665617978
-1.82212373908208
-1.7907078125461822
-1.7592918860102842
-1.7278759594743862
-1.6964600329384882
-1.6650441064025903
-1.6336281798666925
-1.6022122533307945
-1.5707963267948966
-1.5393804002589986
-1.5079644737231006
-1.4765485471872029
-1.4451326206513049
-1.413716694115407
-1.382300767579509
-1.350884841043611
-1.3194689145077132
-1.2880529879718152
-1.2566370614359172
-1.2252211349000193
-1.1938052083641213
-1.1623892818282235
-1.1309733552923256
-1.0995574287564276
-1.0681415022205296
-1.0367255756846316
-1.0053096491487339
-0.9738937226128359
-0.9424777960769379
-0.91106186954104
-0.8796459430051421
-0.8482300164692441
-0.8168140899333463
-0.7853981633974483
-0.7539822368615503
-0.7225663103256524
-0.6911503837897545
-0.6597344572538566
-0.6283185307179586
-0.5969026041820606
-0.5654866776461628
-0.5340707511102648
-0.5026548245743669
-0.47123889803846897
-0.43982297150257105
-0.4084070449666731
-0.37699111843077515
-0.34557519189487723
-0.3141592653589793
-0.2827433388230814
-0.25132741228718347
-0.21991148575128552
-0.18849555921538758
-0.15707963267948966
-0.12566370614359174
-0.09424777960769379
-0.06283185307179587
-0.031415926535897934
0.0
0.031415926535897934
0.06283185307179587
0.09424777960769379
0.12566370614359174
0.15707963267948966
0.18849555921538758
0.21991148575128552
0.25132741228718347
0.2827433388230814
0.3141592653589793
0.34557519189487723
0.37699111843077515
0.4084070449666731
0.43982297150257105
0.47123889803846897
0.5026548245743669
0.5340707511102648
0.5654866776461628
0.5969026041820606
0.6283185307179586
0.6597344572538566
0.6911503837897545
0.7225663103256524
0.7539822368615503
0.7853981633974483
0.8168140899333463
0.8482300164692441
0.8796459430051421
0.91106186954104
0.9424777960769379
0.9738937226128359
1.0053096491487339
1.0367255756846316
1.0681415022205296
1.0995574287564276
1.1309733552923256
1.1623892818282235
1.1938052083641213
1.2252211349000193
1.2566370614359172
1.2880529879718152
1.3194689145077132
1.350884841043611
1.382300767579509
1.413716694115407
1.4451326206513049
1.4765485471872029
1.5079644737231006
1.5393804002589986
1.5707963267948966
1.6022122533307945
1.6336281798666925
1.6650441064025903
1.6964600329384882
1.7278759594743862
1.7592918860102842
1.7907078125461822
1.82212373908208
1.853539665617978
1.8849555921538759
1.9163715186897738
1.9477874452256718
1.9792033717615696
2.0106192982974678
2.0420352248333655
2.0734511513692633
2.1048670779051615
2.1362830044410592
2.1676989309769574
2.199114857512855
2.230530784048753
2.261946710584651
2.293362637120549
2.324778563656447
2.356194490192345
2.3876104167282426
2.419026343264141
2.4504422698000385
2.4818581963359367
2.5132741228718345
2.5446900494077322
2.5761059759436304
2.607521902479528
2.6389378290154264
2.670353755551324
2.701769682087222
2.73318560862312
2.764601535159018
2.796017461694916
2.827433388230814
2.8588493147667116
2.8902652413026098
2.9216811678385075
2.9530970943744057
2.9845130209103035
3.015928947446201
3.0473448739820994
3.078760800517997
3.1101767270538954
