0.0
0.031415926535897934
0.06283185307179587
0.0942477796076938
0.12566370614359174
0.15707963267948966
0.1884955592153876
0.21991148575128555
0.25132741228718347
0.2827433388230814
0.3141592653589793
0.3455751918948773
0.3769911184307752
0.4084070449666731
0.4398229715025711
0.471238898038469
0.5026548245743669
0.5340707511102649
0.5654866776461628
0.5969026041820608
0.6283185307179586
0.6597344572538566
0.6911503837897546
0.7225663103256524
0.7539822368615504
0.7853981633974484
0.8168140899333463
0.8482300164692442
0.8796459430051422
0.9110618695410401
0.942477796076938
0.9738937226128359
